0.01;0.6;mate_aligned;100;1500;0.7010;0.6916;0.0539;65.6;1.00;0.159
0.01;0.6;mate_aligned;100;2000;0.7438;0.7384;0.0522;87.1;1.39;0.118
0.01;0.6;mate_aligned;100;2500;0.7634;0.7715;0.0491;110.3;2.43;0.652
0.01;0.6;mate_aligned;152;1500;0.7350;0.7365;0.0643;103.3;1.26;0.071
0.01;0.6;mate_aligned;152;2000;0.7827;0.7805;0.0618;141.4;4.16;0.067
0.01;0.6;mate_aligned;152;2500;0.8130;0.8072;0.0583;171.9;3.40;0.006
0.01;0.6;mate_aligned;200;1500;0.7632;0.7674;0.0506;139.7;1.92;0.620
0.01;0.6;mate_aligned;200;2000;0.7933;0.8067;0.0512;178.4;3.96;0.421
0.01;0.6;mate_aligned;200;2500;0.8244;0.8349;0.0489;229.4;4.60;0.378
kruskal pvalue=6.38E-19
runtime 16.852885723114014