(.venv) PS C:\Users\usuario\Desktop\AE> .\greedy.py .\instances\inst1\inst1.json
[0, 0, 0, 0, 0, 0, 0, 0, 0, 0, 1, 1, 1, 1, 1, 1, 1, 1, 1, 1, 2, 2, 2, 2, 2, 2, 2, 2, 2, 2]
[10, 6, 29, 12, 1, 20, 3, 14, 4, 8, 7, 17, 9, 24, 15, 19, 21, 2, 13, 16, 18, 27, 5, 23, 25, 26, 11, 28, 0, 22]
(2513.4999999999995, 1205.8475555555556)
runtime 0.21082377433776855
(.venv) PS C:\Users\usuario\Desktop\AE> .\greedy.py .\instances\inst2\inst2.json
[5, 5, 5, 5, 5, 5, 5, 5, 5, 5, 0, 0, 0, 0, 0, 0, 0, 0, 0, 0, 1, 1, 1, 1, 1, 1, 1, 1, 1, 1, 2, 2, 2, 2, 2, 2, 2, 2, 2, 2, 3, 3, 3, 3, 3, 3, 3, 3, 3, 3, 4, 4, 4, 4, 4, 4, 4, 4, 4, 4]
[21, 30, 53, 23, 49, 11, 7, 13, 34, 6, 9, 1, 43, 27, 50, 19, 15, 10, 24, 48, 28, 2, 55, 37, 32, 31, 41, 16, 3, 26, 59, 5, 56, 38, 22, 51, 14, 20, 36, 46, 12, 45, 4, 39, 33, 44, 35, 25, 47, 52, 17, 0, 54, 18, 8, 57, 42, 40, 58, 29]
(2735.2, 1120.4533333333327)
runtime 0.2917165756225586
(.venv) PS C:\Users\usuario\Desktop\AE> .\greedy.py .\instances\inst3\inst3.json
[8, 8, 8, 8, 8, 8, 8, 8, 8, 8, 0, 0, 0, 0, 0, 0, 0, 0, 0, 0, 1, 1, 1, 1, 1, 1, 1, 1, 1, 1, 2, 2, 2, 2, 2, 2, 2, 2, 2, 2, 3, 3, 3, 3, 3, 3, 3, 3, 3, 3, 4, 4, 4, 4, 4, 4, 4, 4, 4, 4, 5, 5, 5, 5, 5, 5, 5, 5, 5, 5, 6, 6, 6, 6, 6, 6, 6, 6, 6, 6, 7, 7, 7, 7, 7, 7, 7, 7, 7, 7]
[69, 2, 55, 62, 45, 22, 47, 79, 40, 33, 88, 80, 39, 4, 3, 26, 30, 7, 36, 35, 85, 37, 54, 27, 9, 67, 10, 83, 76, 34, 42, 56, 16, 31, 17, 68, 81, 43, 61, 74, 
6, 25, 1, 77, 12, 19, 11, 65, 20, 53, 59, 72, 78, 71, 24, 44, 18, 48, 70, 64, 75, 28, 51, 23, 41, 63, 52, 89, 46, 66, 29, 58, 15, 5, 21, 8, 49, 57, 50, 38, 
73, 32, 82, 0, 60, 14, 86, 87, 84, 13]
(2698.6, 932.0355555555553)
runtime 0.488940954208374