0.01;0.6;mate_aligned;100;1500;0.5598;0.5781;0.0947;79.6;2.16;4.55E-13
0.01;0.6;mate_aligned;100;2000;0.6349;0.6472;0.0832;99.7;2.42;2.54E-14  
0.01;0.6;mate_aligned;100;2500;0.6807;0.6902;0.0777;118.2;20.39;5.65E-15
0.01;0.6;mate_aligned;152;1500;0.6795;0.6589;0.1012;121.7;4.24;2.06E-14 
0.01;0.6;mate_aligned;152;2000;0.7306;0.7106;0.0933;152.6;4.41;3.15E-15 
0.01;0.6;mate_aligned;152;2500;0.7661;0.7459;0.0898;189.4;13.85;8.73E-16
0.01;0.6;mate_aligned;200;1500;0.6905;0.6737;0.0761;172.0;4.16;2.54E-15 
0.01;0.6;mate_aligned;200;2000;0.7266;0.7237;0.0716;190.4;25.40;3.09E-16
0.01;0.6;mate_aligned;200;2500;0.7588;0.7548;0.0685;267.9;6.07;8.37E-17
kruskal pvalue=8.39E-12
runtime 20.202643632888794