0.01;0.6;mate_aligned;100;1500;1.4619904611665563e-06;1.4657209054274483e-06;2.346606745095036e-07;1.846681239929955e-07
0.01;0.6;mate_aligned;100;2000;1.7155290444832196e-06;1.7320603025062217e-06;2.2939946121050487e-07;1.84666925928665e-07
0.01;0.6;mate_aligned;100;2500;1.9281164643817965e-06;1.92544427620573e-06;2.2609240074510098e-07;1.846659332371655e-07
0.01;0.6;mate_aligned;152;1500;1.730878629181787e-06;1.7195974391803364e-06;2.1999135747954842e-07;1.8466673425149354e-07
0.01;0.6;mate_aligned;152;2000;2.0219748864043914e-06;2.0157345619631946e-06;2.231903340702551e-07;1.8466504474823467e-07
0.01;0.6;mate_aligned;152;2500;2.2410995154915e-06;2.2451254493449688e-06;2.138147378103209e-07;1.8466404173803207e-07
0.01;0.6;mate_aligned;200;1500;1.92644454587112e-06;1.93552108531922e-06;2.4566424658754646e-07;1.84665710908697e-07
0.01;0.6;mate_aligned;200;2000;2.211324808755787e-06;2.206930861205225e-06;2.1952811242326913e-07;1.8466410378602081e-07
0.01;0.6;mate_aligned;200;2500;2.3951992848525746e-06;2.4023952584871575e-06;1.9472829902020125e-07;1.8466265823573437e-07
KruskalResult(statistic=166.8550280169468, pvalue=5.879981632366311e-32)
runtime 19.341598987579346