0.01;0.6;mate_aligned;100;1500;0.8989;0.8963;0.0268;64.9;1.53;0.163
0.01;0.6;mate_aligned;100;2000;0.9071;0.9039;0.0263;84.3;1.71;0.038
0.01;0.6;mate_aligned;100;2500;0.9136;0.9114;0.0262;106.2;2.99;0.015
0.01;0.6;mate_aligned;152;1500;0.9135;0.9071;0.0278;105.4;3.19;0.529
0.01;0.6;mate_aligned;152;2000;0.9233;0.9166;0.0272;134.5;3.64;0.171
0.01;0.6;mate_aligned;152;2500;0.9256;0.9229;0.0242;175.2;4.87;0.266
0.01;0.6;mate_aligned;200;1500;0.9112;0.9141;0.0242;141.6;4.60;0.366
0.01;0.6;mate_aligned;200;2000;0.9202;0.9218;0.0222;177.9;17.47;0.449
0.01;0.6;mate_aligned;200;2500;0.9244;0.9271;0.0218;232.5;19.83;0.705
kruskal pvalue=1.50E-04
runtime 30.022632360458374