0.01;0.6;mate_aligned;100;1500;0.4210;0.4243;0.0995;87.0;0.88;0.318
0.01;0.6;mate_aligned;100;2000;0.5017;0.5097;0.0818;112.7;3.13;0.875
0.01;0.6;mate_aligned;100;2500;0.5637;0.5729;0.0764;142.0;2.88;0.818
0.01;0.6;mate_aligned;152;1500;0.4890;0.4922;0.0813;135.2;1.19;0.444
0.01;0.6;mate_aligned;152;2000;0.5900;0.5877;0.0786;173.7;4.59;0.944
0.01;0.6;mate_aligned;152;2500;0.6342;0.6480;0.0734;218.4;2.93;0.978
0.01;0.6;mate_aligned;200;1500;0.5588;0.5633;0.0836;180.9;1.51;0.507
0.01;0.6;mate_aligned;200;2000;0.6446;0.6538;0.0785;220.1;15.94;0.657
0.01;0.6;mate_aligned;200;2500;0.7135;0.7217;0.0735;249.8;21.13;0.427
kruskal pvalue=2.73E-27
runtime 13.190136909484863