Unique Individuals:
    [1    , 2    , 1    , 1    , 2    , 2    , 0    , 2    , 2    , 1    , 1    , 0    , 2    , 0    , 0    , 0    , 2    , 2    , 1    , 1    , 1    , 0   
 , 1    , 0    , 2    , 0    , 0    , 1    , 2    , 0    ]
    [14   , 21   , 12   , 7    , 11   , 10   , 8    , 16   , 13   , 15   , 2    , 6    , 0    , 24   , 17   , 4    , 22   , 28   , 26   , 18   , 5    , 29  
 , 23   , 25   , 19   , 27   , 3    , 20   , 1    , 9    ]
    [64803, 67376, 66095, 68200, 66251, 66919, 67648, 66463, 65913, 66111, 64856, 65320, 66271, 67409, 68343, 65462, 67341, 65067, 68183, 66090, 66455, 67240, 65481, 64893, 65943, 65037, 65129, 67957, 67307, 67674]
http://localhost:5000/route/v1/driving/-56.1937522,-34.9099409;-56.1949253,-34.9100298;-56.1887765,-34.9099979;-56.1828369,-34.9092187;-56.1812526,-34.9116112;-56.1859727,-34.9144671;-56.1864194,-34.9088569;-56.1854471,-34.8998448;-56.1875318,-34.898975;-56.1883932,-34.911614;-56.179241,-34.9101233
http://localhost:5000/route/v1/driving/-56.183793,-34.9138907;-56.1868744,-34.9145885;-56.1850662,-34.9064834;-56.1822052,-34.9133752;-56.1817027,-34.9088684;-56.1815667,-34.9051299;-56.1839828,-34.901963;-56.1871648,-34.8999825;-56.1877314,-34.8989899;-56.188837,-34.9010667;-56.1851612,-34.9078096
http://localhost:5000/route/v1/driving/-56.1871247,-34.9022055;-56.1821096,-34.9041191;-56.1834897,-34.9036775;-56.19076,-34.9108858;-56.1989017,-34.9088162;-56.1981886,-34.9082119;-56.1999425,-34.9094317;-56.1969518,-34.9077032;-56.1934416,-34.9086764;-56.1843852,-34.9085844;-56.1844628,-34.9079357
(2741.9999999999995, 3.1)
    [1    , 2    , 1    , 1    , 2    , 2    , 0    , 2    , 2    , 1    , 1    , 0    , 2    , 0    , 0    , 0    , 2    , 2    , 1    , 1    , 1    , 0   
 , 1    , 0    , 2    , 0    , 0    , 1    , 2    , 0    ]
    [14   , 6    , 12   , 7    , 15   , 10   , 8    , 16   , 13   , 11   , 2    , 20   , 0    , 24   , 17   , 4    , 22   , 28   , 26   , 18   , 5    , 29  
 , 23   , 25   , 19   , 27   , 3    , 21   , 1    , 9    ]
    [64803, 65320, 66095, 68200, 66111, 66919, 67648, 66463, 65913, 66251, 64856, 67957, 66271, 67409, 68343, 65462, 67341, 65067, 68183, 66090, 66455, 67240, 65481, 64893, 65943, 65037, 65129, 67376, 67307, 67674]
http://localhost:5000/route/v1/driving/-56.1937522,-34.9099409;-56.1949253,-34.9100298;-56.1851612,-34.9078096;-56.1828369,-34.9092187;-56.1812526,-34.9116112;-56.1859727,-34.9144671;-56.1864194,-34.9088569;-56.1854471,-34.8998448;-56.1875318,-34.898975;-56.1883932,-34.911614;-56.179241,-34.9101233
http://localhost:5000/route/v1/driving/-56.183793,-34.9138907;-56.1868744,-34.9145885;-56.1850662,-34.9064834;-56.1822052,-34.9133752;-56.1834897,-34.9036775;-56.1815667,-34.9051299;-56.1839828,-34.901963;-56.1871648,-34.8999825;-56.1877314,-34.8989899;-56.188837,-34.9010667;-56.1821096,-34.9041191
http://localhost:5000/route/v1/driving/-56.1871247,-34.9022055;-56.1887765,-34.9099979;-56.1817027,-34.9088684;-56.19076,-34.9108858;-56.1989017,-34.9088162;-56.1981886,-34.9082119;-56.1999425,-34.9094317;-56.1969518,-34.9077032;-56.1934416,-34.9086764;-56.1843852,-34.9085844;-56.1844628,-34.9079357
(2795.3999999999996, 2.8)
    [1    , 2    , 1    , 1    , 2    , 2    , 0    , 2    , 2    , 1    , 1    , 0    , 2    , 0    , 0    , 0    , 2    , 2    , 1    , 1    , 1    , 0   
 , 1    , 0    , 2    , 0    , 0    , 1    , 2    , 0    ]
    [14   , 6    , 12   , 7    , 15   , 10   , 8    , 16   , 13   , 11   , 21   , 20   , 0    , 24   , 17   , 4    , 22   , 28   , 26   , 18   , 5    , 29  
 , 23   , 25   , 19   , 27   , 3    , 2    , 1    , 9    ]
    [64803, 65320, 66095, 68200, 66111, 66919, 67648, 66463, 65913, 66251, 67376, 67957, 66271, 67409, 68343, 65462, 67341, 65067, 68183, 66090, 66455, 67240, 65481, 64893, 65943, 65037, 65129, 64856, 67307, 67674]
http://localhost:5000/route/v1/driving/-56.1937522,-34.9099409;-56.1949253,-34.9100298;-56.1851612,-34.9078096;-56.1828369,-34.9092187;-56.1812526,-34.9116112;-56.1859727,-34.9144671;-56.1864194,-34.9088569;-56.1854471,-34.8998448;-56.1875318,-34.898975;-56.1883932,-34.911614;-56.179241,-34.9101233
http://localhost:5000/route/v1/driving/-56.183793,-34.9138907;-56.1868744,-34.9145885;-56.1850662,-34.9064834;-56.1822052,-34.9133752;-56.1834897,-34.9036775;-56.1821096,-34.9041191;-56.1839828,-34.901963;-56.1871648,-34.8999825;-56.1877314,-34.8989899;-56.188837,-34.9010667;-56.1815667,-34.9051299
http://localhost:5000/route/v1/driving/-56.1871247,-34.9022055;-56.1887765,-34.9099979;-56.1817027,-34.9088684;-56.19076,-34.9108858;-56.1989017,-34.9088162;-56.1981886,-34.9082119;-56.1999425,-34.9094317;-56.1969518,-34.9077032;-56.1934416,-34.9086764;-56.1843852,-34.9085844;-56.1844628,-34.9079357
(2795.3999999999996, 2.8)
    [1    , 2    , 1    , 1    , 2    , 2    , 0    , 2    , 2    , 1    , 1    , 0    , 2    , 0    , 0    , 0    , 2    , 2    , 1    , 1    , 1    , 0   
 , 1    , 0    , 2    , 0    , 0    , 1    , 2    , 0    ]
    [14   , 6    , 12   , 7    , 15   , 10   , 8    , 16   , 13   , 11   , 2    , 20   , 0    , 24   , 17   , 4    , 22   , 28   , 26   , 5    , 18   , 29  
 , 23   , 25   , 19   , 27   , 3    , 21   , 1    , 9    ]
    [64803, 65320, 66095, 68200, 66111, 66919, 67648, 66463, 65913, 66251, 64856, 67957, 66271, 67409, 68343, 65462, 67341, 65067, 68183, 66455, 66090, 67240, 65481, 64893, 65943, 65037, 65129, 67376, 67307, 67674]
http://localhost:5000/route/v1/driving/-56.1937522,-34.9099409;-56.1949253,-34.9100298;-56.1851612,-34.9078096;-56.1828369,-34.9092187;-56.1812526,-34.9116112;-56.1859727,-34.9144671;-56.1864194,-34.9088569;-56.1854471,-34.8998448;-56.1875318,-34.898975;-56.1883932,-34.911614;-56.179241,-34.9101233
http://localhost:5000/route/v1/driving/-56.183793,-34.9138907;-56.1868744,-34.9145885;-56.1850662,-34.9064834;-56.1822052,-34.9133752;-56.1834897,-34.9036775;-56.1815667,-34.9051299;-56.1839828,-34.901963;-56.1877314,-34.8989899;-56.1871648,-34.8999825;-56.188837,-34.9010667;-56.1821096,-34.9041191
http://localhost:5000/route/v1/driving/-56.1871247,-34.9022055;-56.1887765,-34.9099979;-56.1817027,-34.9088684;-56.19076,-34.9108858;-56.1989017,-34.9088162;-56.1981886,-34.9082119;-56.1999425,-34.9094317;-56.1969518,-34.9077032;-56.1934416,-34.9086764;-56.1843852,-34.9085844;-56.1844628,-34.9079357
(2795.3999999999996, 2.8)
    [1    , 2    , 1    , 1    , 2    , 2    , 0    , 2    , 2    , 1    , 1    , 0    , 2    , 0    , 0    , 0    , 2    , 2    , 1    , 1    , 1    , 0   
 , 1    , 0    , 2    , 0    , 0    , 1    , 2    , 0    ]
    [14   , 20   , 12   , 7    , 15   , 10   , 8    , 16   , 13   , 11   , 2    , 6    , 0    , 24   , 17   , 4    , 22   , 28   , 26   , 18   , 5    , 29  
 , 23   , 25   , 19   , 27   , 3    , 21   , 1    , 9    ]
    [64803, 67957, 66095, 68200, 66111, 66919, 67648, 66463, 65913, 66251, 64856, 65320, 66271, 67409, 68343, 65462, 67341, 65067, 68183, 66090, 66455, 67240, 65481, 64893, 65943, 65037, 65129, 67376, 67307, 67674]
http://localhost:5000/route/v1/driving/-56.1937522,-34.9099409;-56.1949253,-34.9100298;-56.1887765,-34.9099979;-56.1828369,-34.9092187;-56.1812526,-34.9116112;-56.1859727,-34.9144671;-56.1864194,-34.9088569;-56.1854471,-34.8998448;-56.1875318,-34.898975;-56.1883932,-34.911614;-56.179241,-34.9101233
http://localhost:5000/route/v1/driving/-56.183793,-34.9138907;-56.1868744,-34.9145885;-56.1850662,-34.9064834;-56.1822052,-34.9133752;-56.1834897,-34.9036775;-56.1815667,-34.9051299;-56.1839828,-34.901963;-56.1871648,-34.8999825;-56.1877314,-34.8989899;-56.188837,-34.9010667;-56.1821096,-34.9041191
http://localhost:5000/route/v1/driving/-56.1871247,-34.9022055;-56.1851612,-34.9078096;-56.1817027,-34.9088684;-56.19076,-34.9108858;-56.1989017,-34.9088162;-56.1981886,-34.9082119;-56.1999425,-34.9094317;-56.1969518,-34.9077032;-56.1934416,-34.9086764;-56.1843852,-34.9085844;-56.1844628,-34.9079357
(2770.0, 3.0)
    [1    , 2    , 1    , 1    , 2    , 2    , 0    , 2    , 2    , 1    , 1    , 0    , 2    , 0    , 0    , 0    , 2    , 2    , 1    , 1    , 1    , 0   
 , 1    , 0    , 2    , 0    , 0    , 1    , 2    , 0    ]
    [14   , 6    , 12   , 7    , 10   , 15   , 8    , 9    , 13   , 11   , 21   , 1    , 0    , 24   , 17   , 4    , 22   , 28   , 26   , 5    , 18   , 29  
 , 23   , 25   , 19   , 27   , 3    , 2    , 20   , 16   ]
    [64803, 65320, 66095, 68200, 66919, 66111, 67648, 67674, 65913, 66251, 67376, 67307, 66271, 67409, 68343, 65462, 67341, 65067, 68183, 66455, 66090, 67240, 65481, 64893, 65943, 65037, 65129, 64856, 67957, 66463]
http://localhost:5000/route/v1/driving/-56.1937522,-34.9099409;-56.1949253,-34.9100298;-56.1844628,-34.9079357;-56.1828369,-34.9092187;-56.1812526,-34.9116112;-56.1859727,-34.9144671;-56.1864194,-34.9088569;-56.1854471,-34.8998448;-56.1875318,-34.898975;-56.1883932,-34.911614;-56.1989017,-34.9088162
http://localhost:5000/route/v1/driving/-56.183793,-34.9138907;-56.1868744,-34.9145885;-56.1850662,-34.9064834;-56.1822052,-34.9133752;-56.1834897,-34.9036775;-56.1821096,-34.9041191;-56.1839828,-34.901963;-56.1877314,-34.8989899;-56.1871648,-34.8999825;-56.188837,-34.9010667;-56.1815667,-34.9051299
http://localhost:5000/route/v1/driving/-56.1871247,-34.9022055;-56.1887765,-34.9099979;-56.19076,-34.9108858;-56.1817027,-34.9088684;-56.179241,-34.9101233;-56.1981886,-34.9082119;-56.1999425,-34.9094317;-56.1969518,-34.9077032;-56.1934416,-34.9086764;-56.1843852,-34.9085844;-56.1851612,-34.9078096
(2856.6, 2.5)
    [1    , 2    , 1    , 1    , 2    , 2    , 0    , 2    , 2    , 1    , 1    , 0    , 2    , 0    , 0    , 0    , 2    , 2    , 1    , 1    , 1    , 0   
 , 1    , 0    , 2    , 0    , 0    , 1    , 2    , 0    ]
    [14   , 6    , 12   , 7    , 10   , 15   , 8    , 9    , 13   , 11   , 21   , 1    , 0    , 24   , 17   , 4    , 22   , 28   , 26   , 18   , 5    , 29  
 , 23   , 25   , 19   , 27   , 3    , 2    , 20   , 16   ]
    [64803, 65320, 66095, 68200, 66919, 66111, 67648, 67674, 65913, 66251, 67376, 67307, 66271, 67409, 68343, 65462, 67341, 65067, 68183, 66090, 66455, 67240, 65481, 64893, 65943, 65037, 65129, 64856, 67957, 66463]
http://localhost:5000/route/v1/driving/-56.1937522,-34.9099409;-56.1949253,-34.9100298;-56.1844628,-34.9079357;-56.1828369,-34.9092187;-56.1812526,-34.9116112;-56.1859727,-34.9144671;-56.1864194,-34.9088569;-56.1854471,-34.8998448;-56.1875318,-34.898975;-56.1883932,-34.911614;-56.1989017,-34.9088162
http://localhost:5000/route/v1/driving/-56.183793,-34.9138907;-56.1868744,-34.9145885;-56.1850662,-34.9064834;-56.1822052,-34.9133752;-56.1834897,-34.9036775;-56.1821096,-34.9041191;-56.1839828,-34.901963;-56.1871648,-34.8999825;-56.1877314,-34.8989899;-56.188837,-34.9010667;-56.1815667,-34.9051299
http://localhost:5000/route/v1/driving/-56.1871247,-34.9022055;-56.1887765,-34.9099979;-56.19076,-34.9108858;-56.1817027,-34.9088684;-56.179241,-34.9101233;-56.1981886,-34.9082119;-56.1999425,-34.9094317;-56.1969518,-34.9077032;-56.1934416,-34.9086764;-56.1843852,-34.9085844;-56.1851612,-34.9078096
(2856.6, 2.5)
    [1    , 2    , 1    , 1    , 2    , 2    , 0    , 2    , 2    , 1    , 1    , 0    , 2    , 0    , 0    , 0    , 2    , 2    , 1    , 1    , 1    , 0   
 , 1    , 0    , 2    , 0    , 0    , 1    , 2    , 0    ]
    [14   , 2    , 12   , 7    , 11   , 10   , 8    , 16   , 13   , 15   , 21   , 6    , 0    , 24   , 17   , 4    , 22   , 28   , 26   , 18   , 5    , 29  
 , 23   , 25   , 19   , 27   , 3    , 20   , 1    , 9    ]
    [64803, 64856, 66095, 68200, 66251, 66919, 67648, 66463, 65913, 66111, 67376, 65320, 66271, 67409, 68343, 65462, 67341, 65067, 68183, 66090, 66455, 67240, 65481, 64893, 65943, 65037, 65129, 67957, 67307, 67674]
http://localhost:5000/route/v1/driving/-56.1937522,-34.9099409;-56.1949253,-34.9100298;-56.1887765,-34.9099979;-56.1828369,-34.9092187;-56.1812526,-34.9116112;-56.1859727,-34.9144671;-56.1864194,-34.9088569;-56.1854471,-34.8998448;-56.1875318,-34.898975;-56.1883932,-34.911614;-56.179241,-34.9101233
http://localhost:5000/route/v1/driving/-56.183793,-34.9138907;-56.1868744,-34.9145885;-56.1850662,-34.9064834;-56.1822052,-34.9133752;-56.1817027,-34.9088684;-56.1821096,-34.9041191;-56.1839828,-34.901963;-56.1871648,-34.8999825;-56.1877314,-34.8989899;-56.188837,-34.9010667;-56.1851612,-34.9078096
http://localhost:5000/route/v1/driving/-56.1871247,-34.9022055;-56.1815667,-34.9051299;-56.1834897,-34.9036775;-56.19076,-34.9108858;-56.1989017,-34.9088162;-56.1981886,-34.9082119;-56.1999425,-34.9094317;-56.1969518,-34.9077032;-56.1934416,-34.9086764;-56.1843852,-34.9085844;-56.1844628,-34.9079357
(2741.9999999999995, 3.2399999999999998)
    [1    , 2    , 1    , 1    , 2    , 2    , 0    , 2    , 2    , 1    , 1    , 0    , 2    , 0    , 0    , 0    , 2    , 2    , 1    , 1    , 1    , 0   
 , 1    , 0    , 2    , 0    , 0    , 1    , 2    , 0    ]
    [14   , 20   , 12   , 7    , 15   , 10   , 8    , 9    , 13   , 11   , 21   , 6    , 0    , 24   , 17   , 4    , 22   , 28   , 26   , 18   , 5    , 29  
 , 23   , 25   , 19   , 27   , 3    , 2    , 1    , 16   ]
    [64803, 67957, 66095, 68200, 66111, 66919, 67648, 67674, 65913, 66251, 67376, 65320, 66271, 67409, 68343, 65462, 67341, 65067, 68183, 66090, 66455, 67240, 65481, 64893, 65943, 65037, 65129, 64856, 67307, 66463]
http://localhost:5000/route/v1/driving/-56.1937522,-34.9099409;-56.1949253,-34.9100298;-56.1887765,-34.9099979;-56.1828369,-34.9092187;-56.1812526,-34.9116112;-56.1859727,-34.9144671;-56.1864194,-34.9088569;-56.1854471,-34.8998448;-56.1875318,-34.898975;-56.1883932,-34.911614;-56.1989017,-34.9088162
http://localhost:5000/route/v1/driving/-56.183793,-34.9138907;-56.1868744,-34.9145885;-56.1850662,-34.9064834;-56.1822052,-34.9133752;-56.1834897,-34.9036775;-56.1821096,-34.9041191;-56.1839828,-34.901963;-56.1871648,-34.8999825;-56.1877314,-34.8989899;-56.188837,-34.9010667;-56.1815667,-34.9051299
http://localhost:5000/route/v1/driving/-56.1871247,-34.9022055;-56.1851612,-34.9078096;-56.1817027,-34.9088684;-56.19076,-34.9108858;-56.179241,-34.9101233;-56.1981886,-34.9082119;-56.1999425,-34.9094317;-56.1969518,-34.9077032;-56.1934416,-34.9086764;-56.1843852,-34.9085844;-56.1844628,-34.9079357
(2856.0, 2.8999999999999995)
    [1    , 2    , 1    , 1    , 2    , 2    , 0    , 2    , 2    , 1    , 1    , 0    , 2    , 0    , 0    , 0    , 2    , 2    , 1    , 1    , 1    , 0   
 , 1    , 0    , 2    , 0    , 0    , 1    , 2    , 0    ]
    [14   , 20   , 12   , 7    , 15   , 10   , 8    , 9    , 13   , 11   , 2    , 6    , 0    , 24   , 17   , 4    , 22   , 28   , 26   , 18   , 5    , 29  
 , 23   , 25   , 19   , 27   , 3    , 21   , 1    , 16   ]
    [64803, 67957, 66095, 68200, 66111, 66919, 67648, 67674, 65913, 66251, 64856, 65320, 66271, 67409, 68343, 65462, 67341, 65067, 68183, 66090, 66455, 67240, 65481, 64893, 65943, 65037, 65129, 67376, 67307, 66463]
http://localhost:5000/route/v1/driving/-56.1937522,-34.9099409;-56.1949253,-34.9100298;-56.1887765,-34.9099979;-56.1828369,-34.9092187;-56.1812526,-34.9116112;-56.1859727,-34.9144671;-56.1864194,-34.9088569;-56.1854471,-34.8998448;-56.1875318,-34.898975;-56.1883932,-34.911614;-56.1989017,-34.9088162
http://localhost:5000/route/v1/driving/-56.183793,-34.9138907;-56.1868744,-34.9145885;-56.1850662,-34.9064834;-56.1822052,-34.9133752;-56.1834897,-34.9036775;-56.1815667,-34.9051299;-56.1839828,-34.901963;-56.1871648,-34.8999825;-56.1877314,-34.8989899;-56.188837,-34.9010667;-56.1821096,-34.9041191
http://localhost:5000/route/v1/driving/-56.1871247,-34.9022055;-56.1851612,-34.9078096;-56.1817027,-34.9088684;-56.19076,-34.9108858;-56.179241,-34.9101233;-56.1981886,-34.9082119;-56.1999425,-34.9094317;-56.1969518,-34.9077032;-56.1934416,-34.9086764;-56.1843852,-34.9085844;-56.1844628,-34.9079357
(2856.0, 2.8999999999999995)
    [1    , 2    , 1    , 1    , 2    , 2    , 0    , 2    , 2    , 1    , 1    , 0    , 2    , 0    , 0    , 0    , 2    , 2    , 1    , 1    , 1    , 0   
 , 1    , 0    , 2    , 0    , 0    , 1    , 2    , 0    ]
    [14   , 20   , 12   , 7    , 10   , 15   , 8    , 9    , 13   , 11   , 2    , 6    , 0    , 24   , 17   , 4    , 22   , 28   , 26   , 5    , 18   , 29  
 , 23   , 25   , 19   , 27   , 3    , 21   , 1    , 16   ]
    [64803, 67957, 66095, 68200, 66919, 66111, 67648, 67674, 65913, 66251, 64856, 65320, 66271, 67409, 68343, 65462, 67341, 65067, 68183, 66455, 66090, 67240, 65481, 64893, 65943, 65037, 65129, 67376, 67307, 66463]
http://localhost:5000/route/v1/driving/-56.1937522,-34.9099409;-56.1949253,-34.9100298;-56.1887765,-34.9099979;-56.1828369,-34.9092187;-56.1812526,-34.9116112;-56.1859727,-34.9144671;-56.1864194,-34.9088569;-56.1854471,-34.8998448;-56.1875318,-34.898975;-56.1883932,-34.911614;-56.1989017,-34.9088162
http://localhost:5000/route/v1/driving/-56.183793,-34.9138907;-56.1868744,-34.9145885;-56.1850662,-34.9064834;-56.1822052,-34.9133752;-56.1834897,-34.9036775;-56.1815667,-34.9051299;-56.1839828,-34.901963;-56.1877314,-34.8989899;-56.1871648,-34.8999825;-56.188837,-34.9010667;-56.1821096,-34.9041191
http://localhost:5000/route/v1/driving/-56.1871247,-34.9022055;-56.1851612,-34.9078096;-56.19076,-34.9108858;-56.1817027,-34.9088684;-56.179241,-34.9101233;-56.1981886,-34.9082119;-56.1999425,-34.9094317;-56.1969518,-34.9077032;-56.1934416,-34.9086764;-56.1843852,-34.9085844;-56.1844628,-34.9079357
(2808.7999999999997, 2.9)
    [1    , 2    , 1    , 1    , 2    , 2    , 0    , 2    , 2    , 1    , 1    , 0    , 2    , 0    , 0    , 0    , 2    , 2    , 1    , 1    , 1    , 0   
 , 1    , 0    , 2    , 0    , 0    , 1    , 2    , 0    ]
    [14   , 20   , 12   , 7    , 15   , 10   , 8    , 16   , 13   , 11   , 2    , 6    , 0    , 24   , 17   , 4    , 22   , 28   , 26   , 5    , 18   , 29  
 , 23   , 25   , 19   , 27   , 3    , 21   , 1    , 9    ]
    [64803, 67957, 66095, 68200, 66111, 66919, 67648, 66463, 65913, 66251, 64856, 65320, 66271, 67409, 68343, 65462, 67341, 65067, 68183, 66455, 66090, 67240, 65481, 64893, 65943, 65037, 65129, 67376, 67307, 67674]
http://localhost:5000/route/v1/driving/-56.1937522,-34.9099409;-56.1949253,-34.9100298;-56.1887765,-34.9099979;-56.1828369,-34.9092187;-56.1812526,-34.9116112;-56.1859727,-34.9144671;-56.1864194,-34.9088569;-56.1854471,-34.8998448;-56.1875318,-34.898975;-56.1883932,-34.911614;-56.179241,-34.9101233
http://localhost:5000/route/v1/driving/-56.183793,-34.9138907;-56.1868744,-34.9145885;-56.1850662,-34.9064834;-56.1822052,-34.9133752;-56.1834897,-34.9036775;-56.1815667,-34.9051299;-56.1839828,-34.901963;-56.1877314,-34.8989899;-56.1871648,-34.8999825;-56.188837,-34.9010667;-56.1821096,-34.9041191
http://localhost:5000/route/v1/driving/-56.1871247,-34.9022055;-56.1851612,-34.9078096;-56.1817027,-34.9088684;-56.19076,-34.9108858;-56.1989017,-34.9088162;-56.1981886,-34.9082119;-56.1999425,-34.9094317;-56.1969518,-34.9077032;-56.1934416,-34.9086764;-56.1843852,-34.9085844;-56.1844628,-34.9079357
(2789.0, 3.0)
    [1    , 2    , 1    , 1    , 2    , 2    , 0    , 2    , 2    , 1    , 1    , 0    , 2    , 0    , 0    , 0    , 2    , 2    , 1    , 1    , 1    , 0   
 , 1    , 0    , 2    , 0    , 0    , 1    , 2    , 0    ]
    [14   , 6    , 12   , 7    , 10   , 15   , 8    , 9    , 13   , 11   , 21   , 20   , 0    , 24   , 17   , 4    , 22   , 28   , 26   , 5    , 18   , 29  
 , 23   , 25   , 19   , 27   , 3    , 2    , 1    , 16   ]
    [64803, 65320, 66095, 68200, 66919, 66111, 67648, 67674, 65913, 66251, 67376, 67957, 66271, 67409, 68343, 65462, 67341, 65067, 68183, 66455, 66090, 67240, 65481, 64893, 65943, 65037, 65129, 64856, 67307, 66463]
http://localhost:5000/route/v1/driving/-56.1937522,-34.9099409;-56.1949253,-34.9100298;-56.1851612,-34.9078096;-56.1828369,-34.9092187;-56.1812526,-34.9116112;-56.1859727,-34.9144671;-56.1864194,-34.9088569;-56.1854471,-34.8998448;-56.1875318,-34.898975;-56.1883932,-34.911614;-56.1989017,-34.9088162
http://localhost:5000/route/v1/driving/-56.183793,-34.9138907;-56.1868744,-34.9145885;-56.1850662,-34.9064834;-56.1822052,-34.9133752;-56.1834897,-34.9036775;-56.1821096,-34.9041191;-56.1839828,-34.901963;-56.1877314,-34.8989899;-56.1871648,-34.8999825;-56.188837,-34.9010667;-56.1815667,-34.9051299
http://localhost:5000/route/v1/driving/-56.1871247,-34.9022055;-56.1887765,-34.9099979;-56.19076,-34.9108858;-56.1817027,-34.9088684;-56.179241,-34.9101233;-56.1981886,-34.9082119;-56.1999425,-34.9094317;-56.1969518,-34.9077032;-56.1934416,-34.9086764;-56.1843852,-34.9085844;-56.1844628,-34.9079357
(2862.2, 2.5)